273158	4	1462999437	273158	1279	1463029160	25771
273302	1	1463105616	273302	459	1463116316	8552
273402	101	1463190593	273411	29	1463212204	13843
273425	63	1463224701	273425	733	1463240323	13747
273446	1	1463256414	273450	647	1463297456	49025
273492	73	1463389716	273494	192	1463406194	16453
273502	73	1463428824	273503	598	1463466222	37976
273554	78	1463549472	273555	173	1463562182	20143
273725	84	1463711869	273730	2126	1463823201	131616
274094	108	1464315659	274094	332	1464320903	5104
274146	4	1464387080	274146	67	1464388557	2617
274157	106	1464436234	274161	516	1464464804	53510
274172	31	1464482740	274172	95	1464484232	3241
274198	82	1464552070	274200	678	1464585336	74243
274240	1	1464616772	274244	607	1464661693	102564
274250	2	1464674153	274251	546	1464703380	80533
274283	2	1464751528	274286	154	1464761046	25660
274314	99	1464793435	274319	225	1464834209	121495
274335	60	1464858663	274345	170	1464921826	169556
274382	94	1464968291	274382	144	1464969463	3648
274387	89	1464981040	274388	1820	1465031982	157553
274420	94	1465071462	274422	2207	1465135457	42172
274440	93	1465155191	274442	752	1465192636	114461
274954	39	1465638106	274955	91	1465640830	2864
274968	1	1465685481	274968	1192	1465713263	95653
274969	1	1465713713	274971	905	1465759505	117726
274998	64	1465791607	275000	136	1465841299	147665
275001	1	1465841560	275001	2061	1465889604	104657
275059	78	1465923011	275073	517	1465973607	149898
275074	1	1465973818	275074	647	1465988900	39295
275124	108	1466013073	275125	989	1466043874	101089
275282	91	1466121974	275284	74	1466129136	24113
275290	96	1466135936	275293	201	1466153731	47951
275309	56	1466171319	275310	1929	1466229723	156673
275311	1	1466230026	275311	1253	1466259235	56839
275319	142	1466276206	275319	282	1466279470	11873
275337	1	1466285165	275338	520	1466307457	71281
275344	76	1466324325	275345	353	1466339359	53206
275370	82	1466353203	275371	569	1466373471	70536
275375	127	1466389031	275375	1449	1466419862	101024
275376	1	1466420102	275376	3096	1466492273	68609
275657	1	1466739152	275659	17	1466750293	38205
275761	1	1466828656	275761	9	1466828847	774
275767	1	1466832695	275782	762	1466883649	141582
275832	1	1466961482	275835	13	1466983750	81684
275836	1	1466983919	275837	726	1467031274	136450
275847	1	1467035961	275847	2263	1467088712	105803
275886	73	1467103238	275890	1393	1467138534	116030
275911	63	1467165013	275931	89	1467220135	165954
275963	82	1467248595	275963	172	1467250694	8638
276092	75	1467339312	276097	507	1467354268	53439
276242	1	1467468346	276242	1664	1467507122	130347
276243	2	1467507408	276244	1202	1467550229	108565
276282	76	1467569733	276282	1142	1467594585	94717
276283	3	1467594861	276283	1087	1467620144	81874
276315	40	1467631160	276318	570	1467652259	75118
276355	1	1467668388	276361	833	1467691171	74250
276363	1	1467691655	276363	1482	1467726186	101765
276384	2	1467726433	276384	1117	1467752440	62470
276437	64	1467773959	276437	2190	1467823531	170705
276454	1	1467828494	276454	527	1467840778	32710
276458	1	1467856821	276458	341	1467864769	17126
276495	88	1467890480	276501	4000	1467924330	116795
276502	0	1467924331	276502	741	1467972526	135431
276525	88	1467987323	276525	4000	1468016058	100079
276526	0	1468016059	276528	394	1468067622	130373
276542	74	1468081950	276542	854	1468100141	68558
276543	1	1468100379	276545	213	1468131705	96840
276581	80	1468153482	276585	246	1468192000	127112
276586	2	1468192232	276587	1006	1468233850	104289
276653	72	1468282357	276659	252	1468325826	135830
276775	97	1468358824	276775	1256	1468385828	97890
276776	1	1468386148	276776	1823	1468428637	118960
276794	1	1468429518	276794	885	1468450146	45106
276807	67	1468466676	276810	287	1468498013	110034
276811	1	1468498533	276811	2563	1468558279	153398
276831	65	1468568895	276831	4000	1468596837	100039
276832	0	1468596838	276834	710	1468649865	132776
276870	79	1468666960	276870	3484	1468746340	251551
276935	80	1468798834	276935	906	1468818095	75993
276940	71	1468829638	276948	467	1468851058	62378
276950	4	1468851474	276950	4000	1468885623	100008
276951	0	1468885624	276950	2353	1468906253	51873
277069	81	1468950749	277071	176	1468986996	137670
277072	1	1468987300	277076	1037	1469025529	103642
277087	204	1469036961	277087	1191	1469059991	45376
277094	1	1469073835	277094	584	1469087430	56419
277096	1	1469087773	277096	4000	1469116818	100045
277097	0	1469116819	277112	155	1469140186	63351
277126	43	1469151431	277127	902	1469172995	83042
277148	84	1469183507	277148	700	1469197849	57020
277166	78	1469211065	277168	2223	1469271512	55835
277180	89	1469281107	277180	228	1469284362	13122
277194	113	1469298310	277194	2070	1469343949	166503
277305	63	1469409827	277305	744	1469425714	65477
277420	86	1469475907	277420	346	1469481983	25464
277981	85	1470052448	277981	158	1470054153	2058
277991	1	1470066236	277992	312	1470075815	10043
278017	78	1470094034	278018	1181	1470133850	144020
278167	87	1470249556	278167	4000	1470279378	100026
278168	0	1470279379	278175	88	1470302347	59830
278193	77	1470313922	278193	231	1470317516	14832
278239	77	1470353009	278239	740	1470368478	60626
278240	1	1470368813	278240	1309	1470399327	95997
278273	76	1470418677	278274	85	1470421721	10430
278288	68	1470431501	278290	11	1470433609	6515
278308	87	1470488460	278308	1848	1470529511	145053
278310	1	1470530855	278310	709	1470547382	43395
278315	73	1470567431	278315	767	1470583611	61133
278345	84	1470615232	278366	453	1470663165	154116
278406	86	1470676582	278406	1682	1470713800	138750
278509	92	1470767381	278509	1557	1470801550	127543
278769	76	1471070360	278770	767	1471089118	77177
278801	49	1471099441	278805	288	1471115696	66082
278808	1	1471116317	278808	1793	1471158113	136648
278820	17	1471172473	278820	1533	1471207807	140930
278822	1	1471211566	278822	1627	1471249493	97832
278873	71	1471303573	278875	834	1471335919	97937
278923	55	1471349805	278923	467	1471359418	46125
278957	79	1471383115	278957	227	1471386568	17004
278962	68	1471396117	278963	175	1471408375	54613
278969	70	1471418226	278969	1460	1471450622	137331
278975	1	1471450996	278976	20	1471471561	62614
278986	72	1471493014	278986	199	1471495984	14591
279024	82	1471559531	279024	382	1471566528	24652
279029	1	1471573179	279029	260	1471579239	19133
279071	71	1471621225	279071	244	1471625261	11613
279080	69	1471646600	279080	224	1471650228	6665
279115	118	1471730908	279116	485	1471753805	85043
279479	86	1472099619	279479	189	1472102026	2794
279588	100	1472159291	279588	1259	1472186330	112266
279653	77	1472220351	279656	43	1472256380	141618
279658	1	1472261719	279658	713	1472278339	47803
279667	69	1472288933	279667	1033	1472311420	99746
279681	77	1472335039	279685	209	1472344102	34981
279691	71	1472355690	279694	2235	1472409087	197128
279715	71	1472421712	279715	691	1472436169	61269
279716	1	1472437026	279716	1653	1472475558	128040
279760	69	1472502114	279760	728	1472517491	72697
279766	1	1472519315	279766	1683	1472558539	134386
279767	1	1472558882	279767	776	1472576971	45959
279794	78	1472600486	279794	1100	1472624330	107769
279823	61	1472637645	279823	395	1472645447	38621
279841	76	1472657029	279841	2122	1472704737	86144
279844	72	1472714490	279844	295	1472719673	26037
279887	80	1472772090	279887	397	1472779487	34629
279931	84	1472816280	279931	3022	1472884769	235508
279966	80	1472894464	279966	441	1472902885	43014
279975	71	1472913939	279975	1121	1472938430	112203
279993	86	1472948640	279994	47	1472951686	13959
280013	1	1472960146	280017	608	1472992905	119392
280018	1	1472993224	280024	427	1473035611	104046
280187	5	1473107090	280191	900	1473136189	122324
280194	1	1473140179	280194	238	1473145727	18599
280242	1	1473176619	280242	627	1473191212	69752
280249	1	1473191527	280251	372	1473233968	142898
280327	50	1473323016	280363	359	1473368807	170471
280364	1	1473368996	280364	1363	1473400768	79224
280383	64	1473410494	280385	2022	1473459429	178221
281613	102	1474783497	281613	902	1474802156	4981
281639	1	1474875967	281641	317	1474889916	26830
281693	1	1474909074	281693	2190	1474960124	184553
281707	100	1474969741	281726	288	1474999632	126123
281727	1	1474999857	281727	1604	1475037247	103000
281797	126	1475064371	281797	2176	1475112176	190612
281975	3	1475205892	281976	2166	1475261428	182866
282033	82	1475271116	282037	1862	1475317712	161020
282092	93	1475416266	282092	2275	1475467141	145547
282708	1	1476002424	282712	68	1476005251	8418
282730	89	1476016988	282734	327	1476036661	92676
282735	1	1476036813	282735	1823	1476079309	135142
282800	1	1476109089	282807	326	1476125714	76849
282814	1	1476125992	282814	1843	1476168952	137757
282842	1	1476182094	282842	80	1476183958	10208
282917	118	1476235714	282919	243	1476244733	40926
282922	1	1476249026	282923	224	1476257530	32218
283042	1	1476311992	283043	519	1476324408	55594
283049	83	1476335203	283059	451	1476356211	86727
283270	77	1476470471	283270	1912	1476513241	180313
283283	4	1476513488	283283	1747	1476554136	100433
283305	80	1476567760	283307	456	1476585685	81277
283308	1	1476586041	283308	948	1476608137	78368
283353	81	1476647808	283353	822	1476665074	86442
283358	1	1476665473	283359	427	1476698526	113709
283407	83	1476741328	283416	243	1476808368	226614
283453	84	1476817748	283453	537	1476828329	54064
283478	77	1476850489	283478	969	1476871278	96754
283548	145	1476917974	283548	288	1476921328	12826
283680	1	1477019925	283685	313	1477039327	59185
283820	67	1477082967	283820	1548	1477117478	126885
283830	1	1477117698	283835	112	1477139391	61063
283865	1	1477157463	283865	1177	1477184899	122629
283876	65	1477193994	283876	724	1477209357	74527
283877	1	1477209648	283877	1495	1477244496	119918
283884	349	1477266319	283885	1723	1477316147	180598
283933	89	1477334033	283934	1291	1477367742	143409
283946	86	1477380735	283964	388	1477422068	167601
284006	74	1477446889	284014	266	1477460610	51571
284025	110	1477472260	284044	29	1477515494	163014
