297050	5839	1497646289
297056	5840	1497675646
297057	5840	1497680316
297099	5842	1497727812
297100	5842	1497728481
297101	5842	1497737546
297113	5845	1497789793
297114	5845	1497795665
297175	5848	1497899080
297176	5848	1497901105
297178	5848	1497910147
297215	5849	1497966783
297218	5849	1497968066
297219	5849	1497968768
297224	5849	1498031554
297225	5849	1498034946
297227	5849	1498035697
297292	5856	1498099349
297293	5856	1498117293
297296	5856	1498121227
297308	5856	1498133369
297359	5862	1498188640
297411	5864	1498224924
297424	5865	1498264950
297425	5865	1498267779
297426	5865	1498271435
297429	5865	1498274699
297430	5865	1498277027
297431	5865	1498281788
297432	5865	1498286185
297433	5865	1498290107
297434	5865	1498293799
297435	5865	1498297540
297467	5868	1498333699
297468	5868	1498336137
297469	5868	1498338124
297483	5872	1498368988
297484	5872	1498373237
297485	5872	1498378639
297486	5872	1498388755
297487	5872	1498403677
297488	5872	1498418229
297503	5873	1498442454
297504	5873	1498461025
297505	5873	1498464388
297557	5876	1498519235
297558	5876	1498528396
297562	5876	1498543130
297563	5876	1498551801
297599	5878	1498575985
297603	5878	1498585942
297604	5878	1498596273
297605	5878	1498605765
297606	5878	1498615808
297620	5880	1498644563
297656	5882	1498671593
297665	5882	1498697219
297666	5882	1498704145
297670	5883	1498717128
297674	5883	1498720513
297675	5883	1498725418
297722	5887	1498768823
297723	5887	1498777344
298996	5942	1500017778
298997	5942	1500022333
299000	5942	1500023991
299042	5946	1500063110
299061	5950	1500080437
299062	5950	1500087850
299064	5950	1500094934
299065	5950	1500097769
299067	5950	1500106375
299096	5952	1500132411
299149	5954	1500169241
299178	5958	1500207895
299180	5958	1500209778
299184	5958	1500212544
299185	5958	1500225975
299327	5960	1500364389
299329	5960	1500366306
299368	5962	1500394163
299369	5962	1500397501
299370	5962	1500406761
299380	5963	1500431680
299381	5963	1500436843
299394	5965	1500449345
299395	5965	1500450143
299396	5965	1500454505
299420	5966	1500465816
299443	5971	1500510774
299450	5974	1500525423
299477	5976	1500554544
299478	5976	1500556004
299479	5976	1500560281
299480	5976	1500563272
299481	5976	1500580518
299593	5979	1500661425
299594	5979	1500680334
299595	5979	1500688082
299597	5979	1500691516
299649	5984	1500863901
300087	6019	1501309411
300105	6020	1501330492
300106	6020	1501331164
300107	6020	1501333081
300117	6021	1501346744
300122	6024	1501364732
300123	6024	1501394279
300155	6026	1501440581
300156	6026	1501468421
300157	6026	1501470697
300226	6030	1501520593
300233	6031	1501538887
300234	6031	1501541749
300235	6031	1501543312
300236	6031	1501547736
300237	6031	1501552097
300238	6031	1501568916
300239	6031	1501576604
300240	6031	1501582256
300280	6035	1501649265
300281	6035	1501664444
300282	6035	1501664896
300283	6035	1501669231
300284	6035	1501670139
300364	6041	1501762355
300365	6041	1501763103
300366	6041	1501763675
300367	6041	1501764282
300368	6041	1501764846
300369	6041	1501765415
300370	6041	1501765988
300371	6041	1501766560
300372	6041	1501767125
300373	6041	1501767578
300374	6041	1501768133
300375	6041	1501768695
300389	6044	1501786113
300390	6044	1501789768
300391	6044	1501790336
300392	6044	1501790891
300393	6044	1501791476
300394	6044	1501792038
300395	6044	1501792608
300396	6044	1501793166
300397	6044	1501793735
300398	6044	1501794316
300399	6044	1501794905
300400	6044	1501795593
300401	6044	1501811763
300459	6046	1501848991
300461	6046	1501856184
300462	6046	1501858596
300463	6046	1501861121
300464	6046	1501864469
300466	6046	1501871104
300467	6046	1501886390
300497	6048	1501918351
300514	6050	1501934472
300515	6050	1501937219
300516	6050	1501961411
300517	6050	1501964168
300558	6052	1502018846
300560	6052	1502031797
300574	6053	1502074258
300575	6053	1502076878
300576	6053	1502078791
300631	6054	1502120032
300632	6054	1502124456
300633	6054	1502125131
300635	6054	1502136460
300636	6054	1502141025
300674	6055	1502190215
300675	6055	1502191125
300676	6055	1502191916
300742	6057	1502211813
300777	6060	1502254056
300780	6060	1502265637
300785	6060	1502275774
300806	6061	1502315171
300811	6061	1502319710
300812	6061	1502331924
300816	6061	1502333570
300817	6061	1502337319
301046	6072	1502501566
301142	6082	1502713237
301161	6084	1502746688
301165	6084	1502764749
301179	6086	1502783886
301180	6086	1502784493
301183	6086	1502786807
301281	6089	1502838462
301283	6089	1502841526
301298	6090	1502874676
301323	6091	1502907688
301330	6093	1502947885
301359	6094	1502968025
301384	6096	1502984616
301391	6097	1503006231
301392	6097	1503010634
301393	6097	1503025440
301396	6097	1503027546
301397	6097	1503028516
301398	6097	1503045785
301399	6097	1503046212
301417	6098	1503060096
301447	6104	1503142221
301448	6104	1503152404
301449	6104	1503160203
301450	6104	1503169622
301461	6105	1503183639
301472	6106	1503238328
301475	6106	1503258422
301476	6106	1503258834
301519	6110	1503321209
301524	6110	1503326722
301529	6110	1503336130
301530	6110	1503337474
301531	6110	1503340474
301532	6110	1503349979
301567	6114	1503391608
301627	6116	1503444103
301664	6119	1503491063
301665	6119	1503500871
301694	6123	1503548603
301912	6136	1503755820
301913	6136	1503764813
301914	6136	1503766206
301941	6138	1503826322
301959	6140	1503858205
301960	6140	1503902856
301970	6141	1503916815
301984	6142	1503929581
301985	6142	1503936714
301986	6142	1503945270
301987	6142	1503954207
301997	6143	1503989719
301998	6143	1503998371
302019	6146	1504064454
302026	6147	1504075749
302029	6147	1504077398
302031	6147	1504080509
302033	6147	1504100063
302034	6147	1504101282
302037	6147	1504102742
302038	6147	1504103517
302040	6147	1504103743
302041	6147	1504107840
302042	6147	1504109532
302043	6147	1504121717
302131	6152	1504182769
302159	6155	1504226265
302163	6156	1504236803
302165	6156	1504265129
302166	6156	1504267128
302225	6158	1504291163
302228	6159	1504322954
302229	6159	1504328733
302240	6160	1504349629
302262	6161	1504409521
302263	6161	1504419693
302277	6165	1504478693
302279	6165	1504510559
302280	6165	1504512412
302322	6167	1504546983
302328	6168	1504576144
302337	6169	1504603014
302342	6169	1504606541
302343	6169	1504608736
302344	6169	1504611148
302350	6169	1504623738
302388	6170	1504637222
302392	6171	1504663058
302393	6171	1504671549
302448	6174	1504730925
302472	6175	1504783619
302473	6175	1504801977
302474	6175	1504811838
302475	6175	1504819078
302476	6175	1504819352
302479	6176	1504833583
302484	6177	1504850838
302485	6177	1504855045
302492	6177	1504878332
302493	6177	1504879799
302494	6177	1504880004
302509	6179	1504912334
302513	6180	1504923517
302522	6182	1504941697
302523	6182	1504942147
302525	6182	1504943926
302526	6182	1504962058
302548	6185	1505008747
302551	6185	1505011302
302553	6185	1505011855
302554	6185	1505016318
302555	6185	1505016567
302563	6186	1505027538
302565	6186	1505028063
302572	6186	1505033399
302573	6186	1505040286
302596	6189	1505100526
302597	6189	1505122510
302634	6191	1505179316
302635	6191	1505193481
302651	6192	1505234220
302654	6192	1505237881
302661	6193	1505255227
302663	6193	1505257231
303825	6239	1506238702
303832	6240	1506251523
303838	6241	1506304094
303885	6243	1506366559
303948	6245	1506430040
303998	6247	1506495890
303999	6247	1506502304
304000	6247	1506519801
304062	6252	1506544646
304120	6253	1506603639
304125	6253	1506609613
304144	6255	1506663110
304158	6258	1506753243
304169	6259	1506809522
304170	6259	1506848909
304199	6261	1506883953
304200	6261	1506884158
304204	6262	1506901289
304209	6263	1506922430
304291	6266	1506966013
304292	6266	1506966702
304333	6268	1507031417
304354	6269	1507087080
304366	6271	1507108822
304446	6272	1507164408
304447	6272	1507166257
304451	6272	1507205682
304505	6275	1507229596
304506	6275	1507230291
304507	6275	1507239137
304508	6275	1507244824
304562	6276	1507293034
304616	6278	1507328131
304625	6279	1507361753
304626	6279	1507372725
304654	6283	1507425939
304655	6283	1507441192
304661	6284	1507477790
304662	6284	1507482170
304663	6284	1507485689
304671	6285	1507509778
304672	6285	1507536551
304737	6287	1507578790
304738	6287	1507580683
304739	6287	1507620019
304740	6287	1507620328
304776	6288	1507637299
304777	6288	1507638462
304778	6288	1507650428
304797	6291	1507705450
305044	6297	1507928446
305045	6297	1507936268
305046	6297	1507956706
305059	6298	1507981500
305062	6298	1507993999
305063	6298	1507994296
305064	6298	1507995268
305081	6300	1508058335
305112	6303	1508108820
305113	6303	1508143247
305114	6303	1508144723
305178	6304	1508174391
305179	6304	1508175703
305180	6304	1508176243
305181	6304	1508176504
305182	6304	1508176834
305183	6304	1508177097
305184	6304	1508183415
305186	6304	1508183930
305188	6304	1508195225
305202	6305	1508228309
305204	6305	1508246431
305207	6306	1508283244
305208	6306	1508307342
305234	6307	1508324416
305236	6307	1508326123
305237	6307	1508326939
305247	6308	1508371109
305248	6308	1508379990
305252	6308	1508404140
305282	6309	1508426900
305310	6311	1508444882
305311	6311	1508454204
305312	6311	1508457909
305313	6311	1508463348
305314	6311	1508480745
305336	6312	1508501470
305338	6312	1508506359
305341	6312	1508508845
305349	6312	1508520576
305350	6312	1508521383
305351	6312	1508521899
305358	6313	1508551266
305364	6314	1508564602
305365	6314	1508566873
305366	6314	1508586415
305376	6315	1508631070
305377	6315	1508634611
305405	6317	1508696150
305406	6317	1508708701
305440	6318	1508755834
305518	6323	1508820540
305586	6324	1508867217
305589	6324	1508885241
305590	6324	1508901447
305636	6325	1508938071
305766	6337	1509079053
305809	6341	1509146439
305814	6343	1509171429
305821	6344	1509222563
305832	6346	1509276171
305840	6346	1509291542
305842	6346	1509318447
305862	6347	1509362923
305898	6348	1509394932
305902	6349	1509424026
305967	6351	1509466107
306029	6355	1509560921
306030	6355	1509561717
306036	6356	1509576228
306037	6356	1509576387
306038	6356	1509577607
306041	6356	1509581238
306042	6356	1509588863
306048	6356	1509597547
306049	6356	1509600814
306051	6356	1509609613
306092	6358	1509653067
306095	6358	1509676976
306122	6360	1509717198
306126	6360	1509790464

